county,total,white,black,native,asian,other
01001,58761,74.449,19.564,0.1,1.12,4.767
01003,233420,83.968,8.33,0.363,0.877,6.462
01005,24877,45.46,46.903,0.297,0.506,6.834
01007,22251,75.826,20.687,0.094,0.31,3.083
01009,59077,91.306,1.234,0.384,0.169,6.906
01011,10328,23.209,68.91,0,0.416,7.465
01013,18981,51.509,44.581,0.364,1.28,2.265
01015,116162,71.715,22.065,0.222,0.659,5.339
01017,34612,56.749,40.778,0.061,0.173,2.239
01019,25069,91.284,4.021,0.479,0.108,4.109
01021,45140,81.287,9.431,1.433,0.507,7.342
01023,12669,56.674,39.956,0.221,0.118,3.031
01025,23058,51.444,45.494,0.065,0.39,2.606
01027,14209,81.505,12.598,0.035,0.253,5.609
01029,15144,92.631,2.714,0.231,0.099,4.325
01031,53559,72.507,16.798,0.687,1.051,8.956
01033,57270,78.048,16.038,0.311,0.374,5.23
01035,11576,49.68,48.471,0.285,0.311,1.253
01037,10329,66.405,30.206,0.087,0,3.301
01039,37542,83.65,12.269,0.312,0.581,3.188
01041,13205,71.079,23.165,0.076,1.166,4.513
01043,88284,91.837,1.087,0.402,0.315,6.359
01045,49455,70.401,21.062,0.962,1.235,6.339
01047,38326,27.746,69.058,0.543,0.626,2.027
01049,71680,82.453,1.455,1.532,0.1,14.46
01051,87694,73.858,20.841,0.283,0.686,4.332
01053,36755,61.929,30.303,3.058,0.245,4.465
01055,103348,77.945,15.215,0.318,0.724,5.798
01057,16297,84.23,12.726,0.147,0.221,2.675
01059,32011,77.639,4.249,0.419,0.109,17.585
01061,26647,83.912,9.277,0.266,0.537,6.008
01063,7706,17.298,81.819,0.091,0,0.792
01065,14742,38.414,56.797,0.285,0.061,4.443
01067,17282,70.559,25.315,0.347,0.555,3.223
01069,107040,66.573,27.248,0.289,0.922,4.968
01071,52618,89.718,3.29,0.754,0.405,5.833
01073,672265,50.333,42.722,0.182,1.742,5.02
01075,13885,85.798,10.997,0.353,0.166,2.686
01077,94329,84.377,9.877,0.334,0.611,4.801
01079,33116,76.763,10.179,5.04,0.293,7.724
01081,175126,68.668,22.477,0.154,4.348,4.353
01083,104199,76.815,13.161,0.845,1.84,7.34
01085,10153,24.554,74.884,0,0,0.561
01087,19198,16.319,78.873,0.036,0.406,4.365
01089,389781,65.375,24.475,0.515,2.482,7.152
01091,19180,45.386,50.834,0.334,0.787,2.659
01093,29203,91.337,3.811,0.318,0.291,4.243
01095,97923,85.772,2.804,0.896,0.613,9.915
01097,413878,56.697,36.26,0.393,2.025,4.625
01099,19816,53.719,42.309,1.312,0.237,2.422
01101,228132,32.754,59.072,0.146,3.333,4.694
01103,123102,76.405,13.51,0.383,0.491,9.211
01105,8479,28.435,70.81,0.012,0.083,0.66
01107,18925,57.49,39.662,0.174,0.053,2.621
01109,32997,56.605,37.282,0.339,2.012,3.761
01111,22179,76.956,18.95,0.113,0.28,3.702
01113,58849,46.937,44.878,0.182,0.78,7.224
01115,91719,85.227,9.796,0.338,0.407,4.232
01117,223916,78.044,13.004,0.238,2.006,6.709
01119,12196,25.492,72.261,0.082,0.467,1.697
01121,81105,63.111,31.925,0.153,0.432,4.38
01123,41251,69.128,26.562,0.063,0.461,3.787
01125,231558,62.14,32.053,0.17,1.648,3.989
01127,64978,88.576,5.987,0.154,0.189,5.094
01129,15434,66.723,23.377,6.751,0.402,2.747
01131,10441,27.545,70.185,0.125,0.038,2.107
01133,23655,93.215,1.112,0.52,0.444,4.709
02013,3407,16.906,5.371,37.071,19.842,20.81
02016,5219,25.982,3.851,9.331,40.678,20.157
02020,290674,59.174,5.322,7.399,9.784,18.321
02050,18538,9.052,1.16,83.353,1.413,5.022
02060,854,45.316,0.351,31.499,5.621,17.213
02063,7000,71.643,1.614,5.3,6.986,14.457
02066,2614,52.984,0.038,33.894,0.459,12.624
02068,2101,75.726,2.285,3.046,3.475,15.469
02070,4854,15.966,1.566,71.096,1.607,9.765
02090,96299,71.367,4.132,6.992,3.149,14.36
02100,2079,80.904,0,6.205,3.271,9.62
02105,2329,53.156,0.386,28.854,0.816,16.788
02110,32108,63.981,1.074,9.4,7.216,18.329
02122,59235,79.6,0.716,7.409,1.724,10.551
02130,13910,64.047,0.654,14.594,8.483,12.221
02150,13065,50.608,0.918,11.42,22.687,14.367
02158,8372,3.165,0.836,90.85,0.167,4.981
02164,999,17.117,2.202,61.762,3.504,15.415
02170,108661,79.196,1.281,6.206,1.8,11.517
02180,10018,14.204,1.028,76.033,1.298,7.437
02185,10924,31.802,1.767,50.165,5.785,10.482
02188,7682,10.648,1.237,80.708,1.289,6.118
02195,3374,57.736,1.156,7.943,17.842,15.323
02198,5799,45.059,0.379,38.455,1.38,14.727
02220,8462,62.267,0.685,9.371,7.882,19.794
02230,1303,78.051,3.07,4.912,2.226,11.742
02240,6888,74.956,0.886,12.79,3.107,8.261
02275,2134,56.982,0.047,22.868,0.843,19.26
02282,564,30.674,2.128,26.064,20.213,20.922
02290,5355,23.137,0.187,67.414,1.345,7.918
04001,66054,20.523,0.886,72.934,0.566,5.091
04003,125504,71.441,3.985,0.932,1.94,21.702
04005,144705,58.569,1.529,25.304,1.875,12.724
04007,53419,69.333,0.728,15.787,0.717,13.435
04009,38453,68.523,1.974,11.965,0.739,16.8
04011,9483,75.482,1.803,3.406,0.749,18.56
04012,16681,63.503,0.564,15.083,0.917,19.933
04013,4430871,66.673,5.703,1.88,4.28,21.465
04015,214229,83.157,1.131,1.931,1.08,12.702
04017,107110,46.129,1.115,43.09,0.39,9.276
04019,1042393,65.879,3.457,3.384,2.905,24.374
04021,433338,69.141,4.585,4.768,1.567,19.94
04023,47838,51.737,0.297,0.571,0.136,47.26
04025,237830,84.516,0.649,1.386,1.043,12.406
04027,204374,58.114,1.942,1.303,1.103,37.539
05001,17024,71.147,25.723,0.27,0.047,2.814
05003,19018,70.78,24.845,0.226,0.131,4.017
05005,41801,93.476,0.239,0.567,0.55,5.167
05007,286528,71.884,1.876,1.126,4.212,20.903
05009,37662,94.854,0.327,0.345,0.438,4.036
05011,10461,60.893,26.02,4.665,0.057,8.364
05013,4773,74.209,20.825,0.44,0.168,4.358
05015,28362,79.663,0.363,0.931,1.22,17.823
05017,10234,42.398,53.576,0.039,0.254,3.733
05019,21469,69.16,24.021,0.079,0.652,6.088
05021,14537,94.38,0.674,0.268,0.041,4.636
05023,24948,94.569,0.385,0.786,0.212,4.048
05025,7548,83.983,13.143,0.026,0,2.848
05027,22707,61.113,35.593,0.458,0.458,2.378
05029,20782,83.452,11.019,0.361,0.409,4.759
05031,111038,75.211,16.242,0.345,1.222,6.98
05033,60593,85.525,1.272,0.995,1.304,10.904
05035,47945,41.6,50.068,0.136,0.765,7.431
05037,16827,72.948,19.528,0.291,0.03,7.203
05039,6472,52.611,44.129,0,0.062,3.198
05041,11285,47.541,47.638,0.071,0.222,4.528
05043,17309,67.335,26.888,0.046,0.722,5.009
05045,124611,81.016,11.42,0.294,1.045,6.226
05047,17160,89.61,0.559,0.466,0.816,8.549
05049,12183,93.031,0.189,0.361,0.033,6.386
05051,100021,84.437,7.922,0.502,0.743,6.396
05053,18022,92.37,2.575,0.111,0.355,4.589
05055,45954,91.515,2.489,0.165,0.429,5.401
05057,20037,56.79,30.973,0.774,0.19,11.274
05059,33129,83.86,11.479,0.398,0.251,4.012
05061,12779,64.379,21.676,0.211,0.814,12.92
05063,37910,86.684,1.918,0.322,0.723,10.353
05065,13748,88.66,1.811,0.916,0.036,8.576
05067,16784,76.084,12.16,0.089,0.435,11.231
05069,66934,38.572,55.966,0.127,0.781,4.554
05071,25925,85.041,1.608,0.494,3.016,9.84
05073,6277,59.583,33.44,0.271,0.972,5.735
05075,16258,93.523,1.396,0.191,0.062,4.828
05077,8666,42.269,55.308,0.104,0.185,2.135
05079,13016,63.384,29.84,0.476,0,6.3
05081,12024,72.33,18.613,1.048,0.225,7.784
05083,21247,89.735,1.581,0.419,1.826,6.439
05085,74292,86.816,5.53,0.206,1.02,6.429
05087,16737,79.62,0.048,0.364,0.998,18.97
05089,16905,94.587,0.521,0.408,0.722,3.762
05091,42682,68.464,25.193,0.869,0.347,5.126
05093,40361,58.299,34.779,0.149,0.406,6.368
05095,6787,53.868,43.524,0.133,0.324,2.151
05097,8555,90.906,0.748,1.005,0.842,6.499
05099,8292,64.158,33.743,0.121,0.157,1.821
05101,7243,92.973,0.138,1.215,0,5.674
05103,22606,55.821,41.029,0.142,0.035,2.973
05105,10055,91.059,2.327,0.139,0.07,6.405
05107,16373,34.923,62.231,0.024,0.568,2.254
05109,10205,88.662,4.165,0.147,0.274,6.752
05111,22997,85.598,4.296,0.261,0.022,9.823
05113,19384,90.059,0.129,1.558,0.175,8.079
05115,63475,85.495,2.483,1.213,1.007,9.802
05117,8217,84.824,10.539,0.049,0.207,4.381
05119,398322,52.72,37.354,0.349,2.253,7.324
05121,18619,90.477,1.386,0.279,0.381,7.476
05123,23138,40.016,53.458,0.471,0.108,5.947
05125,123988,84.568,8.423,0.206,1.14,5.664
05127,9871,85.361,1.206,0.507,0.638,12.289
05129,7880,88.249,0.419,2.754,0.266,8.312
05131,128184,70.375,5.976,0.964,4.636,18.049
05133,15913,57.915,4.726,2.602,0.277,34.481
05135,17422,92.475,1.004,0.184,0.522,5.814
05137,12393,90.753,0.137,0.629,0.379,8.101
05139,38815,62.963,32.5,0.134,0.77,3.633
05141,15900,93.082,0.742,0.792,0.314,5.069
05143,247331,70.415,3.465,0.912,2.591,22.617
05145,77118,88.63,4.374,0.196,0.865,5.935
05147,6259,69.532,27.496,0.016,0,2.956
05149,20342,77.46,2.207,0.467,1.091,18.774
06001,1663823,34.013,10.187,0.851,32.134,22.814
06003,1515,63.432,0,25.809,0.198,10.561
06005,40577,80.299,1.74,1.183,1.279,15.499
06007,213605,75.737,1.808,1.136,5.235,16.084
06009,45674,83.141,0.985,1.296,1.962,12.615
06011,21811,60.933,1.683,1.518,0.752,35.115
06013,1162648,46.635,8.717,0.719,18.283,25.646
06015,27462,69.074,2.72,7.155,3.128,17.923
06017,191713,82.458,0.733,0.551,5.187,11.071
06019,1008280,47.985,4.467,1.346,10.719,35.483
06021,28657,67.523,0.356,2.328,3.437,26.357
06023,136132,74.98,1.371,4.056,3.224,16.369
06025,179578,39.459,2.566,1.467,1.509,54.999
06027,18829,68.936,0.961,9.586,1.721,18.795
06029,906883,56.131,5.173,1.099,4.951,32.645
06031,152515,51.588,6.457,1.702,3.897,36.356
06033,68024,70.932,2.261,2.987,1.357,22.463
06035,31873,71.584,8.415,2.262,1.785,15.954
06037,9936690,39.63,7.86,1.118,14.83,36.562
06039,157243,49.109,2.602,1.301,2.337,44.651
06041,260485,73.789,2.389,0.434,6.297,17.09
06043,17130,81.979,0.817,1.611,1.343,14.25
06045,91145,73.634,0.722,3.84,2.152,19.652
06047,282290,41.621,2.951,1.173,7.298,46.958
06049,8651,83.181,1.919,3.121,1.422,10.357
06051,13219,78.955,0.303,1.566,4.1,15.077
06053,437609,39.747,2.234,0.784,5.925,51.31
06055,137384,63.569,1.834,1.009,7.978,25.611
06057,102322,88.038,0.367,0.435,1.604,9.556
06059,3175227,50.205,1.693,0.622,21.696,25.783
06061,406608,75.408,1.618,0.452,8.722,13.8
06063,19650,87.771,1.781,1.71,0.641,8.097
06065,2429487,46.842,6.467,0.965,6.863,38.863
06067,1579211,49.753,9.623,0.75,17.206,22.669
06069,64753,53.842,0.953,1.895,3.209,40.102
06071,2180563,44.734,7.877,1.168,7.753,38.468
06073,3289701,57.752,4.82,0.829,12.089,24.51
06075,851036,41.887,5.177,0.555,34.795,17.585
06077,779445,42.092,7.03,1.018,17.175,32.686
06079,281712,76.8,1.237,0.883,3.781,17.299
06081,754250,43.437,2.285,0.855,30.517,22.906
06083,445213,60.793,1.894,1.372,5.464,30.478
06085,1916831,36.177,2.391,0.659,38.938,21.834
06087,268571,65.745,1.057,0.946,4.901,27.351
06089,181852,81.752,0.967,1.778,3.071,12.432
06091,2916,89.163,0.24,2.675,0,7.922
06093,44049,79.986,1.61,3.183,1.607,13.614
06095,450995,46.026,13.237,0.726,15.702,24.309
06097,488436,67.674,1.554,1.065,4.47,25.238
06099,552063,57.252,2.849,1.232,6.016,32.651
06101,99101,54.248,1.958,1.624,16.64,25.532
06103,65484,74.493,0.956,1.391,1.887,21.272
06105,15889,80.735,1.372,3.166,2.467,12.26
06107,473446,50.863,1.625,1.371,3.581,42.559
06109,54993,84.222,1.538,1.553,1.473,11.214
06111,842009,64.655,1.786,1.258,7.239,25.062
06113,217141,58.789,2.75,0.75,14.745,22.966
06115,81705,64.506,3.557,1.427,7.784,22.726
08001,520149,65.792,3.502,1.396,3.955,25.355
08003,16460,67.461,1.124,4.332,2.163,24.921
08005,654453,64.532,10.973,0.843,6.144,17.507
08007,13509,79.643,0.348,2.376,0.54,17.092
08009,3496,90.36,0.315,0.915,2.317,6.093
08011,5561,71.21,4.837,3.111,0.252,20.59
08013,328658,82.82,0.853,0.441,4.613,11.274
08014,73946,81.166,1.331,0.311,6.973,10.22
08015,19564,89.644,1.058,0.429,1.155,7.713
08017,1726,85.458,0.927,0,0.174,13.441
08019,9403,90.195,2.34,0.978,0.83,5.658
08021,7553,68.132,0.146,3.178,0.053,28.492
08023,3534,64.035,1.075,3.396,1.585,29.909
08025,5782,67.018,4.134,3.995,3.061,21.792
08027,4885,92.856,1.433,0.082,1.146,4.483
08029,31173,88.147,0.61,0.773,0.626,9.845
08031,710800,65.731,8.864,0.844,3.58,20.982
08033,2329,82.825,0,5.839,0,11.335
08035,360206,84.077,1.464,0.373,5.357,8.729
08037,55650,77.671,0.979,0.131,1.096,20.122
08039,26457,87.746,0.287,0.51,0.945,10.511
08041,730323,74.392,6,0.973,2.774,15.86
08043,49107,87.258,3.885,1.393,0.578,6.885
08045,61683,76.554,0.743,0.444,0.921,21.338
08047,5856,89.737,0.154,1.622,0.171,8.316
08049,15724,86.46,0.808,0.375,0.095,12.262
08051,17018,90.481,1.069,0.488,0.893,7.069
08053,911,91.548,0.988,1.317,0.11,6.037
08055,6896,87.384,0.044,3.321,0.073,9.179
08057,1440,93.472,0.625,0,0,5.903
08059,580519,83.911,1.144,0.618,2.875,11.452
08061,1347,96.956,0.594,0.445,0,2.004
08063,7039,85.708,0.028,0.696,0.17,13.397
08065,7403,73.889,0.122,2.458,0.324,23.207
08067,55983,84.036,0.23,5.846,0.781,9.106
08069,359363,86.096,0.959,0.652,2.123,10.17
08071,14422,71.516,1.116,4.729,1.075,21.564
08073,5583,85.581,6.556,0.376,0.842,6.645
08075,21302,82.354,1.117,0.432,0.582,15.515
08077,156131,86.92,0.712,0.774,1,10.594
08079,794,94.081,0,0.126,0.756,5.038
08081,13232,87.417,0.37,0.96,0.272,10.981
08083,26070,78.45,1.281,11.055,0.84,8.374
08085,42823,84.02,0.404,1.149,0.525,13.901
08087,29045,73.641,3.202,1.914,0.386,20.857
08089,18580,74.209,1.27,1.916,0.818,21.787
08091,4936,91.613,2.127,0.182,0.304,5.774
08093,17597,91.743,0.517,0.926,0.591,6.223
08095,4493,84.465,0,1.736,0.2,13.599
08097,17325,88.115,0.433,0.56,2.257,8.635
08099,11968,75.51,1.329,1.83,0.577,20.755
08101,168135,76.127,2.01,2.456,0.863,18.544
08103,6511,85.747,0.292,1.09,0.061,12.809
08105,11442,76.534,0.42,1.468,0.149,21.43
08107,24944,87.231,0.192,0.665,1.094,10.816
08109,6454,83.87,1.271,1.689,1.1,12.07
08111,690,89.275,0,0.725,0,10
08113,8082,92.44,0.544,0.792,0.705,5.518
08115,2391,86.449,0.502,0.125,1.589,11.334
08117,30955,83.108,0.3,0.488,1.153,14.951
08119,24758,88.537,0.864,0.464,0.198,9.936
08121,4817,91.883,1.536,0,0.374,6.207
08123,331466,79.992,1.412,0.773,1.729,16.094
08125,9938,83.85,0.171,1.177,0.252,14.55
09110,977165,66.932,12.652,0.261,5.835,14.32
09120,326381,65.553,11.958,0.285,5.477,16.727
09130,175244,83.89,4.963,0.213,3.447,7.487
09140,451887,68.949,11.553,0.194,4.051,15.253
09150,95687,85.178,1.684,0.436,1.431,11.272
09160,112696,82.349,4.749,0.137,2.494,10.271
09170,571298,67.543,13.37,0.197,4.269,14.622
09180,280293,78.898,5.776,0.464,3.863,10.999
09190,620666,66.745,10.039,0.212,5.206,17.797
10001,182400,61.448,26.044,0.547,2.321,9.641
10003,570567,58.597,25.307,0.196,5.826,10.074
10005,240668,78.045,10.957,0.495,1.287,9.216
11001,670587,39.612,44.305,0.329,4.036,11.718
12001,279729,64.823,19.443,0.194,5.969,9.571
12003,27969,78.551,11.867,0.182,0.697,8.702
12005,181055,77.978,10.303,0.489,2.035,9.195
12007,27816,74.446,18.036,0.083,0.935,6.5
12009,610723,77.065,9.845,0.254,2.367,10.468
12011,1940907,47.664,28.369,0.222,3.672,20.073
12013,13753,76.914,12.448,1.062,0.225,9.351
12015,189900,85.709,5.157,0.157,1.286,7.691
12017,155173,89.751,2.311,0.339,1.379,6.22
12019,219650,73.798,11.481,0.105,2.859,11.757
12021,380221,73.231,6.458,0.745,1.412,18.155
12023,69832,73.733,16.839,0.175,0.947,8.307
12027,34258,72.363,12.397,0.45,0.158,14.633
12029,16737,85.23,8.162,0.448,0.305,5.855
12031,995708,54.683,29.184,0.201,4.719,11.213
12033,321296,65.281,21.664,0.287,3.017,9.751
12035,117515,77.734,9.178,0.141,2.477,10.469
12037,12276,78.185,10.932,0.13,0.358,10.394
12039,43746,35.167,54.956,1.326,0.039,8.513
12041,18070,90.736,3.243,0.266,0.26,5.495
12043,12179,68.626,15.535,3.646,0.517,11.676
12045,15002,79.176,15.105,0.913,0.38,4.426
12047,13492,59.183,32.634,1.208,0.511,6.463
12049,25528,69.238,6.534,1.63,1.058,21.541
12051,39902,61.052,10.671,2.118,0.935,25.224
12053,196621,80.669,5.193,0.262,1.247,12.629
12055,102339,74.882,9.166,0.492,1.407,14.053
12057,1468560,58.871,16.432,0.337,4.275,20.085
12059,19529,86.108,6.57,0.625,0.65,6.047
12061,160986,79.316,8.166,0.463,1.537,10.518
12063,47704,67.305,25.78,0.478,0.576,5.861
12065,14458,63.487,32.141,0.09,0.228,4.053
12067,8107,77.945,15.628,0.247,0.025,6.155
12069,386829,73.811,10.146,0.269,2.098,13.675
12071,772902,74.341,8.038,0.231,1.665,15.726
12073,294128,57.855,30.949,0.159,3.518,7.518
12075,43268,83.253,8.544,0.287,0.818,7.098
12077,7704,76.103,15.031,0.727,0.104,8.035
12079,17986,57.044,36.367,0.139,0.089,6.361
12081,405069,78.255,8.112,0.343,2.206,11.084
12083,378225,74.406,12.348,0.161,1.581,11.503
12085,159399,82.879,5.418,0.108,1.545,10.05
12086,2688237,46.839,15.862,0.24,1.549,35.509
12087,82044,75.665,6.967,0.06,1.088,16.219
12089,91538,87.41,5.476,0.259,1.026,5.829
12091,212021,74.548,9.429,0.322,3.373,12.328
12093,39870,75.327,8.129,0.145,0.963,15.435
12095,1427403,51.236,20.417,0.281,5.284,22.782
12097,393745,49.649,10.904,0.38,2.741,36.326
12099,1494805,61.49,18.514,0.233,2.818,16.944
12101,569211,78.144,5.979,0.247,2.852,12.778
12103,959918,76.894,10.038,0.225,3.533,9.31
12105,736229,64.43,14.858,0.297,1.762,18.652
12107,73604,74.626,15.787,0.247,0.586,8.754
12109,278722,83.352,5.508,0.12,3.129,7.891
12111,334682,63.124,20.429,0.342,1.999,14.106
12113,188994,82.508,5.852,0.259,2.003,9.378
12115,439392,86.029,4.261,0.23,1.794,7.687
12117,471321,65.998,11.775,0.221,5.07,16.935
12119,131832,87.042,7.079,0.239,1.085,4.555
12121,43881,78.036,11.317,0.021,0.558,10.068
12123,21421,73.447,20.415,0.439,0.243,5.457
12125,15524,73.486,16.722,0.238,0.116,9.437
12127,558520,74.584,10.731,0.214,1.862,12.61
12129,33732,79.124,14.55,0.305,0.148,5.873
12131,76618,85.78,3.675,0.643,1.105,8.796
12133,25014,77.776,14.2,1.143,1.003,5.877
13001,18441,70.669,18.161,0.569,0.569,10.032
13003,8265,66.751,15.233,0,0,18.016
13005,11138,73.882,15.075,0.251,0.628,10.163
13007,2878,52.293,34.086,0.903,9.868,2.849
13009,43778,52.86,41.765,0.114,1.588,3.673
13011,18381,87.389,2.943,0.092,1.409,8.166
13013,84399,71.976,12.625,0.384,4.216,10.8
13015,109410,79.908,10.865,0.228,1.1,7.899
13017,17169,57.761,37.341,0,0.367,4.531
13019,18187,82.114,10.277,0,1.067,6.543
13021,156554,37.213,54.312,0.134,2.19,6.151
13023,12413,70.338,26.255,0,0.935,2.473
13025,18105,92.82,3.684,0,0.696,2.8
13027,16275,56.977,35.57,0.037,0.645,6.771
13029,44995,72.581,13.457,0.118,2.274,11.57
13031,79829,63.661,27.685,0.418,1.562,6.673
13033,24337,49.829,45.589,0,0.501,4.08
13035,25522,66.46,27.76,0.082,0.082,5.615
13037,5594,33.178,61.941,0,0,4.88
13039,55105,70.812,17.891,0.105,1.86,9.331
13043,10946,62.352,22.52,0.329,0.84,13.959
13045,120060,71.165,20.182,0.745,0.867,7.04
13047,68052,89.877,2.272,0.22,1.531,6.1
13049,12547,62.939,28.7,0.598,0.789,6.974
13051,296266,49.125,40.181,0.225,2.909,7.56
13053,9402,60.625,16.826,2.297,3.563,16.688
13055,24902,82.925,9.582,0.655,0.06,6.779
13057,268567,80.761,7.104,0.728,2.001,9.407
13059,128864,59.047,26.658,0.456,4.076,9.764
13061,2855,36.778,61.191,0,1.541,0.49
13063,296312,12.656,70.168,0.171,5.122,11.882
13065,6713,65.291,26.486,2.577,0.164,5.482
13067,765813,52.836,27.481,0.381,5.576,13.726
13069,43056,62.166,28.742,0.223,0.766,8.103
13071,45813,60.826,22.751,1.303,0.825,14.295
13073,156921,69.28,16.926,0.239,4.365,9.19
13075,17242,64.192,26.998,0.592,0.244,7.975
13077,147449,72.772,18.045,0.203,1.908,7.072
13079,12156,73.346,22.022,0.823,0,3.809
13081,20255,51.326,44.784,0.02,0.617,3.254
13083,16239,93.848,0.979,0.012,0.819,4.341
13085,27355,91.23,1.305,0.099,0.775,6.591
13087,29063,52.427,40.206,0.32,0.485,6.562
13089,761209,31.878,52.772,0.674,6.223,8.454
13091,19977,66.882,30.345,0.29,0.02,2.463
13093,11236,43.565,47.704,0.347,0,8.384
13095,85038,24.366,69.932,0.186,0.823,4.693
13097,144735,39.375,48.937,0.137,1.87,9.682
13099,10753,43.876,52.869,0.065,0,3.19
13101,3707,65.929,4.127,0.108,1.592,28.244
13103,65314,77.476,13.731,0.132,0.678,7.983
13105,19570,66.249,27.593,0.756,1.114,4.287
13107,22907,60.51,32.064,0.367,0.205,6.854
13109,10759,56.316,27.391,0.307,0.967,15.02
13111,25436,94.146,0.267,0.149,0.476,4.961
13113,119259,61.301,24.932,0.1,4.671,8.996
13115,98541,74.24,13.926,0.589,1.328,9.917
13117,253225,69.597,4.103,0.342,16.599,9.358
13119,23480,83.015,9.191,0.515,1.503,5.775
13121,1061944,41.004,43.391,0.23,7.593,7.781
13123,31519,89.93,0.765,0.72,0.368,8.217
13125,2903,88.357,10.575,0,0,1.068
13127,84566,66.639,24.717,0.336,1.199,7.109
13129,57785,81.331,3.584,2.189,1.18,11.716
13131,26075,62.884,29.277,0.384,0.265,7.191
13133,19020,59.742,31.377,0,1.167,7.713
13135,957977,39.425,28.458,0.468,12.746,18.902
13137,46326,81.011,3.467,0.533,2.163,12.826
13139,204953,71.97,6.832,0.321,2.049,18.829
13141,8588,25.361,71.681,0.163,0.873,1.921
13143,30178,91.182,4.669,0.003,0.603,3.542
13145,34914,77.41,15.558,0.069,0.667,6.295
13147,26110,75.431,17.645,0.483,1.31,5.132
13149,11489,85.83,8.53,0.035,0.514,5.092
13151,240853,39.806,48.657,0.145,3.341,8.05
13153,164117,56.287,31.669,0.408,3.284,8.351
13155,9487,69.042,26.268,0.148,0.211,4.332
13157,77033,82.158,7.111,0.066,1.771,8.894
13159,14882,75.44,18.532,0,0.101,5.927
13161,14791,71.226,15.577,0.243,0.257,12.697
13163,15591,43.211,52.197,0.058,0.436,4.099
13165,8704,57.273,34.881,0.023,0.023,7.801
13167,9225,62.19,32.856,0,0.206,4.748
13169,28382,71.302,24.625,0,0.55,3.523
13171,18676,67.054,26.901,0,0.498,5.547
13173,9964,67.774,23.163,0.211,1.325,7.527
13175,49407,58.451,37.444,0.245,0.963,2.896
13177,32968,69.207,23.735,0.012,2.69,4.356
13179,65550,41.137,41.117,0.542,1.876,15.329
13181,7726,68.625,28.152,0,0.078,3.145
13183,16804,58.206,23.602,0.226,0.774,17.192
13185,118257,53.832,36.904,0.534,1.955,6.775
13187,33405,92.148,1.317,0.41,0.928,5.197
13189,21715,54.635,41.16,0,0.157,4.048
13191,11183,63.167,31.727,0.036,1.404,3.666
13193,12099,34.011,60.145,0.091,0.785,4.967
13195,30378,82.046,8.76,0.194,1.58,7.42
13197,7508,59.59,29.755,0.653,1.438,8.564
13199,20679,57.653,38.367,0.111,0.788,3.08
13201,5923,66.301,27.317,1.148,0.675,4.559
13205,21634,47.999,44.906,1.16,0.069,5.866
13207,28287,73.698,21.614,0.148,1.043,3.496
13209,8687,67.434,23.967,0.276,0.426,7.897
13211,20171,72.892,22.165,0,0.159,4.784
13213,40063,92.692,0.467,0.749,0.809,5.284
13215,204572,40.574,46.596,0.116,2.581,10.133
13217,113298,44.863,46.843,0.081,1.429,6.784
13219,41978,84.773,3.418,0.522,4.009,7.278
13221,14974,77.668,16.716,0,0.868,4.748
13223,169898,68.855,20.991,0.198,1.108,8.848
13225,28054,49.159,43.669,0.606,0.399,6.167
13227,33439,94.106,0.526,0.194,0.308,4.866
13229,19822,85.531,9.732,0.136,0,4.601
13231,19145,87.422,8.613,0.01,0.569,3.385
13233,43019,76.831,12.248,0.035,0.672,10.214
13235,9887,57.925,36.836,0,1.254,3.985
13237,22206,68.153,25.466,0,0.482,5.899
13239,2180,43.716,52.569,0,0,3.716
13241,16915,89.69,1.401,0.071,1.035,7.804
13243,6365,30.793,64.666,0,0.173,4.368
13245,206153,34.448,55.898,0.122,1.775,7.757
13247,93641,32.066,57.264,0.272,1.819,8.579
13249,4565,76.495,17.831,0.088,0,5.586
13251,14026,56.595,40.133,0.086,0.399,2.788
13253,9117,63.76,33.268,0.044,0.581,2.347
13255,67415,59.08,34.503,0.458,0.886,5.073
13257,26732,81.767,10.673,0.157,1.178,6.225
13259,5121,24.038,61.609,0.176,3.281,10.896
13261,29378,41.817,51.079,0.15,1.287,5.668
13263,5793,40.963,56.534,0.052,0.155,2.296
13265,1635,36.636,50.275,0,0.061,13.028
13267,24309,56.802,28.199,0.156,0.284,14.558
13269,7799,58.238,38.466,0.038,0.898,2.359
13271,12619,51.208,35.082,0.301,0.166,13.242
13273,9004,36.206,58.629,0,2.355,2.81
13275,45665,59.043,36.063,0.313,0.782,3.799
13277,41247,58.348,29.02,0.291,1.125,11.215
13279,26946,64.369,23.885,0.267,0.85,10.629
13281,12546,94.046,1.626,0.335,0.191,3.802
13283,6411,66.511,28.591,0.078,0,4.82
13285,69527,57.11,36.21,0.088,2.398,4.194
13287,8894,57.668,38.318,0.011,0,4.003
13289,7955,55.965,41.546,0.277,0.704,1.508
13291,24880,93.477,0.667,0.575,0.237,5.044
13293,27638,67.487,27.368,0.279,0.405,4.461
13295,68065,91.22,3.983,0.212,0.555,4.03
13297,97752,74.035,19.355,0.155,1.463,4.991
13299,35917,62.923,30.158,0.448,1.233,5.237
13301,5197,38.388,59.727,0,0.462,1.424
13303,19975,43.064,50.844,0.476,0.726,4.891
13305,30277,72.484,20.187,0.254,0.968,6.107
13307,2354,41.504,44.52,0,0,13.976
13309,7550,58.437,38.583,0.132,0,2.848
13311,28165,91.344,2.095,0.135,0.625,5.802
13313,103033,76.835,3.283,1.879,1.548,16.455
13315,8839,62.846,33.703,0,0,3.451
13317,9610,53.34,40.26,0.166,0,6.233
13319,8852,57.569,38.263,0.011,0.011,4.146
13321,20706,67.951,25.567,0.343,0.864,5.274
15001,202163,31.369,0.793,0.482,21.668,45.688
15003,1010100,19.329,2.518,0.242,42.255,35.656
15005,50,38,2,18,12,30
15007,73511,30.3,0.525,0.212,29.411,39.552
15009,164765,31.767,0.75,0.382,28.359,38.742
16001,497494,86.235,1.258,0.591,2.586,9.33
16003,4464,92.675,0.269,0.739,0,6.317
16005,87434,85.819,0.99,2.565,1.929,8.696
16007,6436,95.168,0.124,1.414,0.839,2.455
16009,9731,84.781,0.812,9.033,0.041,5.333
16011,48253,78.774,0.164,5.645,0.363,15.054
16013,24248,83.524,0.483,1.567,0.425,14.001
16015,7809,89.922,0.359,1.204,0.781,7.735
16017,47976,91.825,0.294,0.575,0.598,6.708
16019,124490,86.898,0.398,0.626,0.933,11.145
16021,12335,90.474,0.373,2.067,1.475,5.61
16023,2605,91.478,0,0.038,0,8.484
16025,1133,81.995,0,0,0,18.005
16027,235006,76.413,0.611,1.11,0.773,21.094
16029,7058,91.811,0,0.113,0.071,8.005
16031,24859,78.483,0.121,0.909,0.362,20.126
16033,756,62.698,0.529,0,0,36.772
16035,8810,90.829,0.216,1.226,0.863,6.867
16037,4344,89.802,0.138,0.806,0.023,9.231
16039,28752,76.116,2.351,1.614,2.995,16.924
16041,14376,92.341,0,0.466,0.25,6.942
16043,13519,90.547,0.325,1.354,0.052,7.722
16045,19250,86.696,0.114,0.286,0.27,12.634
16047,15520,78.138,0.097,2.358,0.303,19.104
16049,16787,92.31,0.089,3.121,0.518,3.961
16051,31383,89.325,0.108,0.813,0.236,9.518
16053,24474,72.865,0.029,0.65,0.392,26.064
16055,173396,89.661,0.292,0.925,0.724,8.397
16057,39872,89.659,1.219,0.702,2.029,6.39
16059,8043,92.689,0.012,0.385,0.162,6.751
16061,3630,82.259,1.846,2.755,0.964,12.176
16063,5203,77.993,0.48,2.479,0.384,18.662
16065,52487,89.077,0.928,0.301,1.808,7.886
16067,21626,76.339,0.097,1.369,0.139,22.057
16069,42200,88.751,0.104,4.983,0.886,5.275
16071,4572,93.679,0,0.678,0,5.643
16073,12043,74.184,0.374,3.562,0.133,21.747
16075,25571,83.016,0.078,0.876,0.786,15.244
16077,7918,71.167,0.038,3.296,0,25.499
16079,13399,91.186,0.858,1.806,0.03,6.12
16081,11813,83.899,0,1.312,0,14.789
16083,90592,83.444,0.545,0.517,1.577,13.916
16085,11830,97.861,0.059,0.008,0.051,2.02
16087,10612,84.555,0.188,0.32,0.132,14.804
17001,65583,91.457,3.931,0.061,0.743,3.809
17003,5261,63.486,33.226,0,0.247,3.041
17005,16750,88.704,7.134,0.812,0.46,2.89
17007,53459,79.349,2.589,0.269,0.939,16.854
17009,6334,78.244,16.625,0.505,0.047,4.578
17011,33203,90.404,0.614,0.06,0.919,8.002
17013,4472,95.148,0.738,0.246,0.022,3.846
17015,15594,91.458,3.418,0.263,0.661,4.2
17017,12955,82.161,3.605,0.919,0.756,12.559
17019,206525,68.341,13.203,0.122,10.988,7.346
17021,33893,94.258,2.623,0.139,0.685,2.295
17023,15467,96.172,0.834,0.045,0.181,2.767
17025,13248,95.471,0.46,0.551,0.317,3.2
17027,36998,91.897,2.976,0.041,0.608,4.479
17029,47076,91.463,3.613,0.064,1.064,3.796
17031,5225367,49.39,22.761,0.605,7.705,19.539
17033,18729,92.076,4.512,0.79,0.352,2.269
17035,10447,96.229,0.115,0,0.077,3.58
17037,100686,79.228,7.681,0.415,2.407,10.268
17039,15535,95.204,0.914,0.315,0.193,3.373
17041,19714,92.356,1.233,0.365,0.588,5.458
17043,930559,70.005,4.903,0.295,12.554,12.243
17045,16852,96.677,0.671,0.036,0.392,2.225
17047,6182,96.15,0.129,0.599,0.421,2.701
17049,34594,96.56,0.648,0.049,0.679,2.064
17051,21464,90.216,3.457,0.443,0.466,5.418
17053,13484,91.872,0.705,0.141,0.667,6.615
17055,37810,95.551,0.407,0.063,0.262,3.716
17057,33691,93.227,2.677,0.662,0.306,3.128
17059,4967,94.081,0.302,0.423,0.121,5.073
17061,12015,96.704,0.874,0.083,0.208,2.131
17063,52624,90.63,1.813,0.097,0.597,6.864
17065,8008,96.166,0.1,0.162,0.425,3.147
17067,17582,95.837,0.722,0.108,0.319,3.014
17069,3665,97.817,1.091,0,0,1.091
17071,6374,95.513,0.173,0.031,0,4.283
17073,49157,90.101,2.195,0.022,0.466,7.216
17075,27043,90.63,1.006,0.089,0.274,8.002
17077,53176,74.122,14.52,0.128,3.639,7.592
17079,9295,96.503,0.237,0,0.129,3.131
17081,37043,85.493,6.495,0.238,1.064,6.711
17083,21462,95.834,0.704,0,0.592,2.87
17085,21942,94.786,0.798,0.15,0.57,3.696
17087,13313,82.896,8.848,0,0.315,7.94
17089,517254,66.073,5.22,0.842,3.922,23.942
17091,107421,75.604,14.535,0.467,0.97,8.423
17093,132795,73.58,8.048,0.27,2.98,15.121
17095,49751,83.667,8.151,0.07,1.003,7.109
17097,713159,67.13,6.775,0.72,8.464,16.912
17099,109495,88.289,2.753,0.037,0.886,8.036
17101,15302,86.231,8.025,0.222,0.438,5.084
17103,34221,88.072,5.26,0.041,0.611,6.017
17105,35771,91.384,3.598,0.014,0.528,4.476
17107,28027,88.7,6.048,0.2,0.296,4.756
17109,27370,88.14,5.345,0.015,2.503,3.997
17111,311133,86.019,1.539,0.181,2.86,9.4
17113,171284,80.953,8.49,0.182,5.07,5.305
17115,103542,76.029,17.031,0.031,1.352,5.557
17117,44907,95.341,1.078,0.127,0.459,2.995
17119,265512,85.008,8.566,0.142,0.959,5.325
17121,37543,91.149,4.336,0.035,0.677,3.804
17123,11740,94.37,0.571,0.009,0.179,4.872
17125,13074,96.443,0.497,0.061,0.306,2.692
17127,14135,88.32,6.608,0,0.396,4.676
17129,12284,95.873,0.944,0,0.383,2.8
17131,15692,95.342,0.612,0,0.472,3.575
17133,34905,96.565,0.622,0.123,0.613,2.077
17135,28352,93.563,2.751,0.127,0.466,3.093
17137,32882,88.802,5.103,0.128,0.769,5.197
17139,14531,96.325,1.012,0.007,0.145,2.512
17141,51672,89.559,1.076,0.395,0.488,8.482
17143,181186,70.071,17.578,0.167,4.471,7.714
17145,20996,87.012,7.878,0.048,0.624,4.439
17147,16698,96.029,0.976,0.09,0.072,2.833
17149,14776,96.339,0.69,0.041,0.298,2.633
17151,3799,90.05,3.317,3.001,0.026,3.606
17153,5177,63.821,31.485,0.039,0.212,4.443
17155,5628,94.367,0.338,0.018,0.729,4.549
17157,30413,87.472,7.983,0.079,0.7,3.765
17159,15716,94.757,0.617,0.032,0.299,4.295
17161,143819,75.038,10.711,0.214,2.624,11.413
17163,256791,61.876,28.308,0.357,1.566,7.893
17165,23662,92.942,2.489,0.076,0.706,3.787
17167,196122,79.88,12.697,0.088,2.179,5.155
17169,6879,92.717,3.707,0.015,0.334,3.227
17171,4899,95.795,0,0.122,0.776,3.307
17173,21042,97.101,0.285,0.162,0.342,2.11
17175,5395,94.328,1.112,0.019,0.853,3.689
17177,44482,83.285,8.68,0.175,0.91,6.949
17179,131276,94.447,1.168,0.11,1.082,3.193
17181,17122,91.309,1.483,0.234,0.345,6.629
17183,74113,79.603,14.522,0.117,0.982,4.775
17185,11321,93.499,0.963,0.035,1.21,4.293
17187,16760,84.911,3.807,1.008,1.48,8.795
17189,13781,96.111,0.776,0.08,0.21,2.823
17191,16127,96.205,0.787,0,0.539,2.468
17193,13834,96.711,0.773,0.072,0.492,1.952
17195,55569,88.981,1.146,0.234,0.61,9.028
17197,696774,67.811,11.542,0.435,5.914,14.298
17199,67120,89.4,3.305,0.48,1.541,5.276
17201,284591,71.72,13.391,0.293,2.868,11.727
17203,38414,95.564,0.638,0.036,0.554,3.207
18001,35827,94.51,0.595,0.025,0.142,4.728
18003,385456,74.381,11.234,0.207,4.725,9.453
18005,82371,82.082,1.616,0.092,8.07,8.14
18007,8709,93.8,1.194,0.046,0.057,4.903
18009,12074,95.271,1.027,0.108,0.141,3.454
18011,71235,89.678,2.156,0.052,3.126,4.988
18013,15513,96.023,0.593,0.348,0.567,2.469
18015,20397,95.774,0.701,0.034,0.113,3.378
18017,37820,82.192,1.306,0.537,1.417,14.548
18019,121484,84.615,7.103,0.323,1.042,6.917
18021,26396,95.249,0.379,0.019,0.208,4.145
18023,33020,85.142,0.763,0.003,0.469,13.622
18025,10511,95.291,0.78,0,0.086,3.844
18027,33337,92.18,1.593,0.081,0.243,5.903
18029,50709,96.226,0.564,0.016,0.546,2.648
18031,26432,94.397,0.219,0.004,0.594,4.786
18033,43312,95.389,0.236,0.069,0.545,3.761
18035,112156,87.134,6.24,0.083,1.564,4.979
18037,43584,90.861,1.604,0.211,0.505,6.819
18039,206841,79.642,4.964,0.332,1.078,13.984
18041,23391,94.609,1.188,0.252,0.184,3.766
18043,80191,88.024,5.045,0.106,1.167,5.658
18045,16468,95.464,0.291,0.231,0.534,3.479
18047,22850,96.7,0.092,0,0.578,2.63
18049,20420,91.2,1.18,0.093,0.088,7.439
18051,33006,91.456,1.788,0.021,0.482,6.253
18053,66560,86.032,6.822,0.285,0.847,6.013
18055,30900,96.715,0.599,0.084,0.146,2.456
18057,349527,83.221,4.08,0.073,6.456,6.17
18059,80170,91.133,2.708,0.155,0.863,5.142
18061,39684,96.24,0.743,0.01,0.648,2.359
18063,175639,82.508,8.102,0.174,3.229,5.986
18065,48913,93.587,2.431,0.131,0.497,3.355
18067,83452,85.624,7.85,0.195,1.25,5.081
18069,36699,94.798,0.937,0.202,0.703,3.36
18071,46212,87.319,1.095,0.372,1.831,9.383
18073,33045,89.699,1.011,0.057,0.154,9.079
18075,20451,94.998,0.288,0.117,0.425,4.171
18077,33057,93.602,2.099,0.142,0.75,3.406
18079,27610,95.255,0.79,0.138,0.235,3.582
18081,161952,87.738,2.6,0.093,4.222,5.347
18083,36148,91.72,2.304,0.053,0.935,4.988
18085,80442,89.583,0.742,0.326,1.522,7.828
18087,40364,95.015,0.171,0.032,0.097,4.685
18089,497682,58.673,23.298,0.325,1.505,16.199
18091,112215,80.185,10.692,0.211,0.628,8.283
18093,45113,95.097,0.335,0.226,0.7,3.642
18095,130545,85.593,7.968,0.217,0.589,5.633
18097,971737,56.441,28.203,0.253,3.935,11.168
18099,46208,92.034,0.764,0.296,0.688,6.218
18101,9863,95.894,0.203,0.112,0.02,3.772
18103,35952,88.446,4.161,0.225,0.509,6.659
18105,140065,84.412,3.643,0.138,6.595,5.213
18107,38018,91.959,0.823,0.008,0.426,6.784
18109,71757,95.361,0.47,0.017,0.599,3.554
18111,13829,91.482,1.135,0.072,0.239,7.072
18113,47431,91.059,0.365,0.135,0.692,7.75
18115,5974,94.777,0.301,0.435,0.435,4.051
18117,19768,93.479,1.629,0.03,0.435,4.426
18119,21361,95.852,0.492,0.042,0.515,3.099
18121,16327,94.684,1.88,0.043,0,3.393
18123,19186,93.349,3.179,0.214,0.704,2.554
18125,12227,96.115,0.573,0.09,0.245,2.977
18127,173355,86.475,4.09,0.103,1.38,7.952
18129,25226,95.223,1.269,0.032,0.444,3.033
18131,12498,93.087,0.192,0.08,0.256,6.385
18133,36942,92.545,2.664,0.114,2.669,2.009
18135,24586,92.78,0.212,0.077,0.447,6.483
18137,28990,95.75,0.335,0,0.704,3.211
18139,16716,96.62,0.574,0,0.066,2.74
18141,272388,73.906,12.882,0.304,2.55,10.358
18143,24403,94.677,0.152,0.287,0.057,4.827
18145,44940,93.249,1.389,0,0.897,4.466
18147,19935,95.515,0.652,0.02,0.401,3.411
18149,23308,94.525,0.172,0.446,0.283,4.574
18151,34507,94.392,0.313,0.055,0.551,4.689
18153,20791,91.338,3.627,0.072,0.111,4.853
18155,9896,95.049,0.303,0.243,0.02,4.386
18157,186955,78.026,5.998,0.123,7.799,8.054
18159,15328,95.936,0.515,0.111,0.757,2.681
18161,7041,95.952,0.611,0,0.682,2.755
18163,179900,83.349,9.758,0.101,1.352,5.44
18165,15488,96.171,0.446,0.11,0.174,3.099
18167,106355,85.795,6.917,0.174,2.031,5.083
18169,31032,94.718,1.128,0.296,0.367,3.49
18171,8454,96.783,0.095,0.024,0.461,2.638
18173,64065,91.476,2.064,0.078,2.44,3.943
18175,28133,96.502,0.192,0.007,0.107,3.192
18177,66522,88.105,4.343,0.409,1.075,6.069
18179,28167,93.847,1.125,0.025,0.192,4.811
18181,24630,89.529,0.487,0.11,0.288,9.586
18183,34259,94.667,0.309,0.172,0.219,4.632
19001,7479,96.163,0.642,0,0.12,3.075
19003,3680,94.837,0.299,0.435,0,4.429
19005,14046,92.418,1.716,0.94,0.598,4.329
19007,12279,94.877,0.407,0.13,0.277,4.308
19009,5651,95.293,0.301,0.071,0.035,4.3
19011,25652,95.564,0.421,0.086,0.238,3.692
19013,131041,81.515,9.768,0.338,2.639,5.74
19015,26700,95.011,1.3,0.06,0.15,3.479
19017,25012,93.771,1.311,0.22,0.88,3.818
19019,20631,96.723,0.776,0.174,0.068,2.259
19021,20687,68.449,2.929,0.232,10.253,18.137
19023,14376,96.132,0.515,0.125,1.057,2.17
19025,9893,93.753,1.152,0.111,0.334,4.65
19027,20728,93.941,1.172,0.391,0.429,4.067
19029,13116,96.645,0.747,0.229,0.374,2.005
19031,18479,96.428,0.487,0.108,0.606,2.37
19033,42979,92.098,1.826,0.221,1.252,4.602
19035,11601,92.621,1.396,0,0.009,5.974
19037,11957,96.864,0.778,0.276,0.033,2.049
19039,9737,85.796,0.041,0.185,0.534,13.444
19041,16423,94.648,0.572,0.17,0.341,4.268
19043,17123,96.099,0.391,0.082,0.356,3.072
19045,46488,91.583,3.022,0.213,0.942,4.24
19047,16450,76.438,2.413,0.146,2.243,18.76
19049,100367,85.514,2.301,0.218,4.567,7.4
19051,9093,96.206,0,0.385,0.462,2.947
19053,7684,93.389,1.262,0.26,0.612,4.477
19055,17523,95.868,0.006,0.086,0.205,3.835
19057,38824,87.423,5.262,0.041,1.149,6.125
19059,17692,94.365,0.119,0.045,1.029,4.443
19061,98812,90.696,3.004,0.117,1.293,4.889
19063,9349,86.458,3.637,0.246,0.246,9.413
19065,19519,93.12,0.84,0.651,0.487,4.903
19067,15601,91.872,0.942,0.09,1.558,5.538
19069,10015,90.714,0.529,0.12,0.03,8.607
19071,6639,93.749,0.723,0.136,0,5.392
19073,8801,94.16,0.5,0.239,0.739,4.363
19075,12351,96.292,0.842,0.113,0.453,2.299
19077,10619,94.557,0.471,0.179,0.283,4.511
19079,14979,90.774,1.382,0.067,1.756,6.022
19081,10790,95.533,0.825,0,0.426,3.216
19083,16861,93.073,0.546,1.619,0.896,3.867
19085,14623,96.218,0.157,0.034,0.308,3.283
19087,20436,88.946,2.564,0.294,2.246,5.95
19089,9479,95.907,0.169,0.158,0.316,3.45
19091,9606,93.941,0.375,0.167,0.697,4.82
19093,6969,95.035,0.789,0.057,0.402,3.716
19095,16575,95.149,0.652,0.054,0.187,3.958
19097,19470,96.271,0.642,0.154,0.457,2.476
19099,37808,93.816,1.825,0.201,0.59,3.568
19101,15785,85.613,4.821,0.786,5.898,2.882
19103,153360,78.935,7.404,0.187,6.156,7.318
19105,20733,92.915,2.277,0.207,0.637,3.965
19107,10026,96.569,0.598,0.08,0.12,2.633
19109,14718,94.041,0.843,0.122,0.571,4.423
19111,33442,92.56,2.859,0.182,0.428,3.971
19113,229308,85.548,5.838,0.189,2.322,6.103
19115,10823,83.286,0.693,0.425,2.033,13.564
19117,8666,96.561,0.346,0.023,0.415,2.654
19119,12023,95.259,0.2,0.166,0.333,4.042
19121,16609,95.767,1.282,0.072,0.385,2.493
19123,22059,93.644,1.709,0.109,1.015,3.522
19125,33487,94.885,0.558,0.096,1,3.461
19127,40049,78.459,2.107,0.729,4.222,14.482
19129,14605,96.796,0.26,0.123,0.705,2.116
19131,10537,96.944,0.56,0.085,0.845,1.566
19133,8671,95.295,0.3,0.692,0,3.714
19135,7574,94.626,0.145,0.106,0.779,4.344
19137,10285,92.747,0.447,1.945,0.301,4.56
19139,42968,83.548,2.707,0.23,0.656,12.858
19141,14138,91.477,1.393,0.255,0.693,6.182
19143,6149,91.901,0.943,0.325,1.382,5.448
19145,15225,93.346,1.537,0.539,0.893,3.685
19147,8938,92.437,2.047,0,0.559,4.956
19149,25621,92.28,1.78,0.445,0.519,4.976
19151,7061,93.315,0.156,0.127,0.609,5.792
19153,493378,79.8,7.295,0.214,4.93,7.76
19155,93543,89.718,1.546,0.248,0.895,7.593
19157,18608,92.321,1.182,0.22,2.225,4.052
19159,4690,95.075,0.128,0,0.085,4.712
19161,9778,95.715,0.327,0,0.757,3.201
19163,174315,81.783,7.034,0.231,2.828,8.124
19165,11737,94.402,0.92,0.119,0,4.558
19167,35815,90.448,0.503,0.285,0.441,8.323
19169,98573,83.846,2.367,0.264,7.283,6.24
19171,17017,83.058,1.04,7.451,0.611,7.839
19173,5916,90.94,0.118,0.287,0,8.654
19175,12107,94.937,0.388,0.008,0.628,4.039
19177,7207,96.878,0.416,0.028,0.638,2.04
19179,35292,85.759,3.21,0.249,1.524,9.257
19181,52709,94.028,0.751,0.112,0.738,4.371
19183,22534,91.83,0.404,0,0.404,7.362
19185,6484,95.096,0.293,0,0.062,4.55
19187,36986,87.528,3.396,0.26,1.173,7.643
19189,10704,92.498,0.813,0.159,3.074,3.457
19191,20050,95.586,0.813,0.269,0.658,2.673
19193,105526,76.838,4.256,1.796,2.346,14.764
19195,7417,95.402,1.038,0.054,0.364,3.141
19197,12897,89.191,0.163,0.155,0.217,10.274
20001,12554,91.126,1.744,0.781,0.789,5.56
20003,7799,94.486,0.987,0.859,0.051,3.616
20005,16309,87.792,3.691,0.166,0.491,7.861
20007,4081,93.335,0.221,2.426,0.784,3.235
20009,25477,86.082,1.087,0.742,0.361,11.728
20011,14405,90.413,2.867,0.049,0.437,6.234
20013,9486,82.88,0.928,7.98,0.474,7.738
20015,67618,88.979,2.569,0.739,1.368,6.344
20017,2570,90.934,0.506,0.545,0.078,7.938
20019,3389,83.948,0.915,5.37,0.413,9.354
20021,19380,88.813,0.872,2.363,0.273,7.678
20023,2619,90.76,0.038,1.222,0,7.98
20025,1977,87.051,0,2.428,0.91,9.611
20027,8088,95.227,1.855,0.668,0.396,1.855
20029,9008,93.484,0.866,0.455,0,5.195
20031,8334,94.336,0.48,0.132,0.552,4.5
20033,1825,97.644,0.164,0,0,2.192
20035,34661,83.792,2.071,1.353,1.786,10.998
20037,39012,90.131,2.099,0.464,1.733,5.573
20039,2771,95.02,1.047,0.938,0.144,2.851
20041,18492,91.97,1.195,0.416,0.698,5.721
20043,7501,91.055,4.813,0.16,0.107,3.866
20045,119094,79.71,4.283,1.688,4.931,9.388
20047,2849,87.855,0.351,0.983,0.491,10.319
20049,2453,92.417,0.082,0.775,0.448,6.278
20051,28921,90.633,1.317,0.138,1.563,6.348
